[[0.9999999999999998, 0.7980825912820918, 0.7596941441159112, 0.7992775264864697, 0.7452940146959812, 0.8320032483248819, 0.7847408132954589, 0.778172977394777, 0.7930351317735178, 0.7763546851400983, 0.8088849918308204, 0.7723216704593541, 0.814648492998329, 0.8297600771935343, 0.8164999141126961, 0.8261856276344886, 0.8328889255762606, 0.8061187341145644, 0.798012980121322, 0.7621170293637838, 0.7649025970658153, 0.8229986709266176, 0.8236764787886327, 0.7692396687742298, 0.806675640276257, 0.8076177460282488, 0.8090721036434427, 0.792866919327211, 0.7911636311786299, 0.7664255387916883, 0.7637838733153891, 0.8075615595166269, 0.8282297370706377, 0.8083346250392022, 0.8126123931636406, 0.8141027177808, 0.7771541326015082, 0.7773005154346201, 0.7787918409325859, 0.8342117767780018, 0.7660708961611504, 0.7720776850589847, 0.7835346543926168, 0.7759881497006265, 0.7843975839268049, 0.7978359830860194, 0.8230393730017962, 0.78835228831433, 0.8037871055343423, 0.8173842332420223, 0.8103965450934494, 0.8086700499076885, 0.7419031730972584, 0.7714733758669751, 0.7891081485772895, 0.7851293611751972, 0.7544167806547496, 0.7636123104504695, 0.794187262725152, 0.7992974850545069, 0.7275854829534244, 0.7604276094903604, 0.7769825977400767, 0.7641649282918386, 0.7181073051681751, 0.7443680586165997, 0.7625755163292061, 0.754206900550039, 0.7268002582199801, 0.7380792171777675, 0.7641181274228016, 0.7536765043258103, 0.7347122084655512, 0.739815079118983, 0.7413022198334995, 0.7197387142184222, 0.7524752039481291, 0.7635843045025285, 0.7818042357218714, 0.7413911027733238, 0.7668572719503347, 0.7337734016312384, 0.7320747288097494, 0.7273578393363094, 0.7281083957707742, 0.7231180550581485, 0.7294282370392279, 0.7711550398913078, 0.7529283481334952, 0.7302230720453102, 0.7246391622229116, 0.7789417341957244, 0.7385203318385185, 0.7730913566963346, 0.7482366565153524, 0.7511398512986671, 0.7342747431460597, 0.7384491055929481, 0.7339228100169267, 0.7244852047629143], [0.7980825912820918, 1.0, 0.8755199928265667, 0.9091398917706479, 0.8745456497135389, 0.8316467544501124, 0.8841031097578617, 0.9184783550949677, 0.906269777315001, 0.7857544569552658, 0.6347131259879178, 0.9059423136886987, 0.8397159785538518, 0.8389845481042847, 0.8678934772987216, 0.8626667357568292, 0.8291610115603865, 0.8367242887776533, 0.8363204441862221, 0.8830299582884782, 0.8785236872672305, 0.8445563724703693, 0.9058008643223516, 0.8868150834579361, 0.890550302690387, 0.8334783730114317, 0.9144363486950602, 0.8394374885064475, 0.9051722384704999, 0.8850401307248001, 0.8987585728297327, 0.8522696837715035, 0.847215741125264, 0.8357593761585804, 0.8374452810652104, 0.8612495111587889, 0.898421789464416, 0.9154020037549304, 0.8795742493353041, 0.6536698481297626, 0.9004174292126961, 0.9027025497908048, 0.8503389046278719, 0.8600679723222052, 0.8898137032744947, 0.9059601019076049, 0.8681212785171509, 0.9001671613649984, 0.9046911813828192, 0.8773654730344767, 0.9058073812604528, 0.9358319182460186, 0.8560785387551828, 0.911000157473886, 0.8742159947152076, 0.8978360560050103, 0.8711833854588623, 0.9226165577329626, 0.8620713231587814, 0.8823589809327825, 0.8530065904170966, 0.8355686146273928, 0.8507792837000266, 0.8501618166698894, 0.864534370519955, 0.8685050934059263, 0.8904409845288072, 0.7630578082682378, 0.8329404394680209, 0.8725556056120778, 0.7987779382914808, 0.7633343387013541, 0.8759355497387363, 0.8502595245500342, 0.8989176093126118, 0.8415363305021748, 0.8896081045046766, 0.9033297123247621, 0.8388231284553824, 0.8573082612430861, 0.8959979007249714, 0.7128765669132722, 0.8560358679270675, 0.8310319670997073, 0.8738115098734385, 0.8384173212175299, 0.8699101793522113, 0.8613050249960429, 0.8825634749875034, 0.8762216803502014, 0.8832679488011864, 0.8527411611751872, 0.8778933760580205, 0.8126638221657747, 0.8876290328347035, 0.8823042008172661, 0.7309148790174879, 0.8242392762647566, 0.8650267454027527, 0.8577043724405484], [0.7596941441159112, 0.8755199928265667, 1.0000000000000002, 0.8945730632586474, 0.9326948469539206, 0.85930287400243, 0.9332748406736732, 0.9261868528574124, 0.9350276914404262, 0.8583732706869891, 0.6427629060236837, 0.9058542139606985, 0.8849750269526758, 0.8785550288921508, 0.8845485979241796, 0.9102460010895018, 0.8657005435227337, 0.8853609109078202, 0.8802500373841171, 0.9420293619657447, 0.9464661158338767, 0.8578340822652628, 0.89176103391247, 0.9455394073728682, 0.8820630552089721, 0.8640346638306977, 0.9163395749284821, 0.9059935777379331, 0.918041189152712, 0.9353544504333952, 0.911823467024824, 0.8887216193778829, 0.8851085595919277, 0.8928348092554511, 0.8787058272050305, 0.901029276844035, 0.9240886651310062, 0.9314010484485772, 0.9312250158895184, 0.6650282398586458, 0.935335368917908, 0.9257794161998706, 0.8653300695814333, 0.9085930568797637, 0.9247699054215491, 0.9025817674025949, 0.8989116169791117, 0.9096181161966096, 0.9193179614155826, 0.8731330292536773, 0.9014131436597104, 0.9207567486077957, 0.9299269851007879, 0.946158521800688, 0.8860989707652505, 0.9421352989502015, 0.8786690275325018, 0.9362278862532146, 0.8776559351274333, 0.854713816379265, 0.9069740372493397, 0.8595427122986183, 0.8725946555262226, 0.8809882535171565, 0.9199012219123418, 0.9080822378128558, 0.9266490003115536, 0.7306319172563136, 0.8758623592541556, 0.9040893714036021, 0.8232929618561585, 0.7752638843663208, 0.8598695990106636, 0.8788506451889653, 0.9198761377632522, 0.8300453473597948, 0.9345164625704152, 0.9209835184036644, 0.8622757575402831, 0.8629422844436925, 0.9060299460889009, 0.7315080356129507, 0.8929657447209197, 0.8992335340846076, 0.9222454757080409, 0.8887940560331903, 0.9176185456428831, 0.8557461466455027, 0.9099244534379907, 0.9256068678068301, 0.9339121436606252, 0.8545270804040693, 0.8919214836422579, 0.8439336559162689, 0.9031908712209726, 0.9312565188950447, 0.7371869454444258, 0.822792665014146, 0.8622045521855518, 0.894449504536479], [0.7992775264864697, 0.9091398917706479, 0.8945730632586474, 1.0000000000000004, 0.892694159808939, 0.8766972428129407, 0.8808097830624517, 0.921247136663584, 0.9219520538413921, 0.8431556336886722, 0.6580203277982624, 0.91849906629459, 0.8681489616767308, 0.869948226098585, 0.8764145419796602, 0.8887135357884975, 0.8627067867086607, 0.8841099377316249, 0.8588577825545903, 0.8893135179830546, 0.9021745618126249, 0.8430638973847018, 0.8959851205418355, 0.9082583839646776, 0.8753431257603236, 0.8538483604136774, 0.9102027134817293, 0.8852274804518141, 0.8848305869349044, 0.8986426741153767, 0.9004905130084528, 0.883397791521497, 0.8592709105242644, 0.869241332617342, 0.868808570602358, 0.8856522728474263, 0.8992751896359427, 0.9095668189374336, 0.8907413046966596, 0.6801835691819216, 0.9009855005707619, 0.9209482639588767, 0.8811452807019873, 0.8862944774010837, 0.8752101808886678, 0.8723146978918914, 0.8812916563743526, 0.874795869211024, 0.8941583565519868, 0.8417128318091568, 0.8740382627314143, 0.9213383108342791, 0.9049755311453399, 0.9052435596330957, 0.913828558401677, 0.899315079609804, 0.8936080503270303, 0.9222845211457038, 0.8863776083269378, 0.8440360623039335, 0.878524807763337, 0.8211293698519856, 0.8564013160190428, 0.8441307765241415, 0.8592459276044929, 0.8901230980203859, 0.9138311577787089, 0.7359133915290607, 0.8597933516654724, 0.8641795118837984, 0.827145937809014, 0.8053562056380755, 0.8710266404113018, 0.8672229247303361, 0.9078909216551092, 0.8696034954328721, 0.895466498145872, 0.9026161574968703, 0.8774324424316832, 0.8338905200674389, 0.908641791545315, 0.7210219721686536, 0.888973193065117, 0.8402001843585192, 0.909437208876401, 0.8590859223080913, 0.8762401185273703, 0.8720412406724946, 0.8858761471704986, 0.9021231412719313, 0.8869959190367773, 0.8591235629620029, 0.9068382956102834, 0.843425551786886, 0.8960692912616957, 0.9043103911069361, 0.7439832878938302, 0.8454158895170559, 0.8515794192024365, 0.885662128509133], [0.7452940146959812, 0.8745456497135389, 0.9326948469539206, 0.892694159808939, 1.0000000000000004, 0.8529556972288028, 0.9111761347794685, 0.916201772353161, 0.9384745102784017, 0.8944090054482925, 0.6184879484933525, 0.9242441291368398, 0.8583391664752548, 0.861592970704032, 0.8768513597139883, 0.8875575157762204, 0.8790377317531208, 0.8676370092361364, 0.8609845024222113, 0.9289762831505913, 0.9128622434348463, 0.8228442261106685, 0.8824686010191853, 0.9281958730097933, 0.8538012814298986, 0.8840771517939704, 0.9168732315158363, 0.8947076587596209, 0.9098002527129322, 0.9332942097852432, 0.9354401791649009, 0.899787842770377, 0.8633096223621339, 0.8745602391132039, 0.8657075405611497, 0.8695946234001475, 0.9149585780714817, 0.9230946908064276, 0.9477219553638797, 0.6459767669352356, 0.9307409001576407, 0.9344152925023875, 0.8787197015721397, 0.9012528094738399, 0.9009919426367654, 0.8848348731716065, 0.8862512537031904, 0.8656583815627508, 0.894768533401374, 0.8517155020828473, 0.8849410151493663, 0.9158988601474491, 0.9438875677183794, 0.9335855887373755, 0.9141649209433034, 0.9190811977321008, 0.9235308194550528, 0.932926482701737, 0.8811759676167186, 0.8280616337390821, 0.9341379369711061, 0.8367341372477353, 0.8677436572527537, 0.8710452204872339, 0.9017002433561823, 0.8963933063304087, 0.9328114368632152, 0.698174650892007, 0.8837553553982785, 0.903012529681881, 0.8423374168419724, 0.7886000292502042, 0.8526088946077682, 0.8693838812242476, 0.9369987578697804, 0.8482075077001261, 0.9337093692150931, 0.942899833376774, 0.8850514822659856, 0.8279802308618172, 0.9087193819932444, 0.713508929050934, 0.9026240156931599, 0.8778287285704891, 0.9380169049303567, 0.8730466903840425, 0.9177910635618829, 0.8616911593757117, 0.9212659493908988, 0.9292398150524771, 0.9382949200680913, 0.8931050950034906, 0.9000353395360974, 0.8296110493012454, 0.9182717370579436, 0.9362470034858927, 0.7094044516521013, 0.8175717645891436, 0.8427785615283854, 0.9484591219936849], [0.8320032483248819, 0.8316467544501124, 0.85930287400243, 0.8766972428129407, 0.8529556972288028, 1.0, 0.8706309833309965, 0.8540744247483664, 0.882015581802115, 0.863974368471519, 0.7296169640311303, 0.866227358633023, 0.8545435971535362, 0.8593452613796079, 0.8590805392068711, 0.8641223232993778, 0.8645466864229263, 0.8635781258849035, 0.8500715387238372, 0.8547402014623326, 0.8575503546990535, 0.814848138267376, 0.8681652837606528, 0.854984146784317, 0.8389678644251936, 0.8458671649435004, 0.8698064665460888, 0.8639197897790637, 0.8732454576448319, 0.844105948751369, 0.851842641031384, 0.87299753374275, 0.864688539003035, 0.8541862537750977, 0.8657332273063157, 0.8613994359159937, 0.8539231909659498, 0.8498482427889847, 0.8648699407721608, 0.7466106579836063, 0.8703387149995491, 0.8568864380391827, 0.860302112399939, 0.8587261950588381, 0.8425514698054823, 0.8426204671213735, 0.8565193028613196, 0.8428352404935364, 0.8719008330491987, 0.8583498965069543, 0.8505343830117439, 0.8703959654777751, 0.8591630434770993, 0.859508739937253, 0.8647555961415238, 0.8488805588024697, 0.8511055067188147, 0.8546248901065697, 0.8903418922101846, 0.831539712423214, 0.8282046593203598, 0.8079569080615346, 0.8302768004940729, 0.8226654633599881, 0.8066204075068406, 0.837364617776317, 0.8473669055611235, 0.7260416711032587, 0.8171232146251455, 0.8347664160729996, 0.8106155659147725, 0.78911820671502, 0.8091004821483891, 0.8391172157989125, 0.846938680149995, 0.8234871882266175, 0.8511201026494158, 0.8564682541026726, 0.8546463596288777, 0.7956295445535595, 0.8358854626667908, 0.7084202795039526, 0.819022479182393, 0.7980369681381968, 0.8440861685798267, 0.7941715337496834, 0.8456291901259908, 0.8133039388919536, 0.8319400431673839, 0.833732686021615, 0.8320758460707485, 0.848094609764725, 0.8393101402611438, 0.8292149156991158, 0.8355118166196606, 0.8457477865046308, 0.7540373061067381, 0.8092635873674483, 0.7943747718153088, 0.8280071451839809], [0.7847408132954589, 0.8841031097578617, 0.9332748406736732, 0.8808097830624517, 0.9111761347794685, 0.8706309833309965, 1.0, 0.9152006832076522, 0.9326514009526184, 0.852380937235127, 0.6528900429993004, 0.8970019115965868, 0.8634837529395268, 0.8734980407559476, 0.8699870639114119, 0.8941932085498805, 0.8644792239891902, 0.8641901970000969, 0.8690935887651897, 0.9233772387352588, 0.9193609433928961, 0.8529308681103902, 0.9055578967079435, 0.9169495808353061, 0.8866488828372301, 0.8706057885211309, 0.9153358429216817, 0.8663158759710898, 0.9020090612980215, 0.9148886323769432, 0.9033361159586591, 0.8851013214795304, 0.8735172444065982, 0.877662515538024, 0.8803677013884728, 0.8896343010900187, 0.919315102019505, 0.9206958633632051, 0.9123173639738141, 0.6751368388172994, 0.9194288115576409, 0.9170709052155587, 0.8507157802082972, 0.8636386888148607, 0.9026844138530943, 0.8980417947529702, 0.8942553635128955, 0.9176211009891486, 0.9187836035697664, 0.898030263307209, 0.9067972527642392, 0.9170865446032578, 0.9151568822823157, 0.9316234694540864, 0.8747004196653421, 0.9244109482247825, 0.8651574468336581, 0.9228130543871279, 0.8679266620768071, 0.871034410757667, 0.8737908572436316, 0.8553935125847527, 0.8649066492710081, 0.8767073530868476, 0.9040703911718118, 0.8853483511412155, 0.9131512972377271, 0.7609026823936823, 0.8660049530914354, 0.9011037590648211, 0.8276123523543414, 0.7655408965201739, 0.8520555468008812, 0.876273280396018, 0.9099771606458806, 0.8073049885031033, 0.9080097959529516, 0.9111207723279816, 0.8632615597901726, 0.8587398629339951, 0.8993523964410635, 0.7299209710837312, 0.8665046115041277, 0.8678813423865384, 0.8962255692546401, 0.8640467619570525, 0.9098561282063163, 0.8622408150395612, 0.8913272043815824, 0.9050765975587503, 0.9098309565179727, 0.8810460267664525, 0.8866977669366003, 0.8653240370055947, 0.906651223439832, 0.9153290615824333, 0.7371023193689241, 0.8471174725040689, 0.8630577247907443, 0.8854782834391509], [0.778172977394777, 0.9184783550949677, 0.9261868528574124, 0.921247136663584, 0.916201772353161, 0.8540744247483664, 0.9152006832076522, 1.0000000000000002, 0.9454507482976561, 0.834937616049169, 0.6389515364299879, 0.9187331437597014, 0.8797094477793015, 0.8781391840577735, 0.8822475787449662, 0.9047195930205847, 0.8550085561012364, 0.8778728460458638, 0.8776652926475654, 0.9358119442710026, 0.9210595895145094, 0.8689976088996104, 0.9040973219921999, 0.9385578438664582, 0.9028508221598625, 0.8765391875937664, 0.9334506491688265, 0.8891017573838883, 0.932925676364704, 0.9404261689869018, 0.9151965464251566, 0.8989211484130287, 0.8852873043302314, 0.8785015773997299, 0.8905509822658104, 0.8873340233348236, 0.9273142432615469, 0.9412604908231448, 0.9256369539354491, 0.6629627864988665, 0.9252915761993599, 0.9137206797164787, 0.8750918288663627, 0.9110806718955682, 0.9272649003580562, 0.9231076630060693, 0.8883980344139235, 0.911626612379188, 0.9211168581193964, 0.8718760759744432, 0.9153799264871882, 0.9352886133733221, 0.9334224411531187, 0.9396324767966031, 0.9004569453656762, 0.9307384835628493, 0.8851120684656166, 0.9547657019769283, 0.8891376634249988, 0.8954738457886379, 0.9043200075035019, 0.8503505190193907, 0.8817285892955026, 0.8811754844264209, 0.9012063161858643, 0.8986854258014747, 0.918882993068909, 0.7537193932305942, 0.8779367681910328, 0.8945357064477952, 0.8341100548638098, 0.7851829712232834, 0.8856184496587173, 0.893107125660441, 0.924125639316931, 0.8424930293776071, 0.9195173670859609, 0.9334179536600884, 0.8647714067668429, 0.8437289126280129, 0.9226899313219985, 0.7220962724461482, 0.8775210436338892, 0.8737229658591198, 0.9129395829088567, 0.8582444105847669, 0.914032770593525, 0.8721308066253451, 0.9139433076418969, 0.9309661522773695, 0.9251652520544832, 0.8680695669704372, 0.913827221014701, 0.8491980179613418, 0.9205511421916922, 0.9291778176658496, 0.7429258701900726, 0.8367593195067674, 0.8820740668261464, 0.9037304968031836], [0.7930351317735178, 0.906269777315001, 0.9350276914404262, 0.9219520538413921, 0.9384745102784017, 0.882015581802115, 0.9326514009526184, 0.9454507482976561, 1.0000000000000004, 0.8528131275696257, 0.634756672854353, 0.9326787841425557, 0.8767055578517043, 0.8856421529217114, 0.8939990846783652, 0.9097389729340547, 0.87351778239938, 0.8774444217353942, 0.8794370857655011, 0.9423325252614062, 0.9362754972439244, 0.8674716426850285, 0.910785333164765, 0.9361249129984435, 0.9009127727416377, 0.8793984396469292, 0.9328104803120599, 0.9053327209699819, 0.9299370268038304, 0.9361306740213087, 0.9327135991746289, 0.9010748943349693, 0.8796523678094229, 0.8820035816084933, 0.8869484074973154, 0.8885637599138583, 0.939047365690135, 0.9436637818851586, 0.945057245837704, 0.6635676177291984, 0.9384169273640811, 0.9432687868355247, 0.8828776171348098, 0.9120628341799036, 0.9167186072764206, 0.9190736877850687, 0.8982508207250957, 0.9113857075342462, 0.9231783511393534, 0.8908354823823516, 0.9133019412301834, 0.9286944971102543, 0.9459700207762368, 0.9430877894935705, 0.9177438634484455, 0.9275318921009762, 0.9031803573386356, 0.9527876172951867, 0.8882323136817737, 0.8878396485726063, 0.9078812536767604, 0.866573355687842, 0.8880872681336233, 0.893102544367475, 0.9024732469997265, 0.9019803624488218, 0.9474246184480275, 0.7567192923084971, 0.8945788665162913, 0.9119322635440547, 0.8423231958456046, 0.785647638107477, 0.8792540326181539, 0.8965504159979418, 0.9249967402515041, 0.8547128736813574, 0.936317365957913, 0.9404302030814667, 0.8809133128910471, 0.8678235153025434, 0.9309410995648674, 0.7341472162543631, 0.8946286578213666, 0.8779624942949181, 0.9313496010419712, 0.8867223964067935, 0.9200770188834175, 0.876489177608733, 0.917742780605395, 0.9422903818431121, 0.9464905011865996, 0.9085576551925744, 0.9258720301483356, 0.8558102393363095, 0.9281897111643979, 0.9450160073931921, 0.7476039408217997, 0.8612337556943532, 0.8809764911824463, 0.9239058404558013], [0.7763546851400983, 0.7857544569552658, 0.8583732706869891, 0.8431556336886722, 0.8944090054482925, 0.863974368471519, 0.852380937235127, 0.834937616049169, 0.8528131275696257, 1.0, 0.7414515762747934, 0.8559318722624254, 0.832336366753234, 0.8334876100841865, 0.8231906901927615, 0.8543502727990933, 0.847107481299678, 0.8456542023929188, 0.8176267725947101, 0.85311432376633, 0.8512983972851537, 0.7807168763737374, 0.8218197354422297, 0.8534904840981961, 0.768478482204752, 0.8629571233549752, 0.8296709834462598, 0.8575201583442396, 0.8142775828288964, 0.8427892979222767, 0.8531646967038943, 0.8734522486127027, 0.8394611615829912, 0.8295843399730058, 0.835236673762832, 0.8426840242123287, 0.8279539070900647, 0.828457602159115, 0.8679909298068064, 0.7612879013069367, 0.8354990887826822, 0.849620491017485, 0.8460241344800099, 0.8561250704987383, 0.8149717317514303, 0.7972553607833589, 0.8426292526313524, 0.7959840529756761, 0.8275438491483049, 0.804356519228576, 0.8099844655662312, 0.844898176079441, 0.8650368527901052, 0.8521626943057706, 0.8659908302655688, 0.8418070302338825, 0.8448430536938238, 0.8306643485905713, 0.8384116904505278, 0.7611582567262816, 0.8505317653034812, 0.7665778481997465, 0.7859066349996563, 0.7881326338002923, 0.8105477087450514, 0.823144725947892, 0.8399815325320533, 0.6534349363196021, 0.787582848071565, 0.7913983802022946, 0.7924540394161791, 0.7852721062247852, 0.7822869042375715, 0.7949520861155558, 0.8307377856040677, 0.7868779334338202, 0.8438969091267258, 0.8382439463551918, 0.8240716671906387, 0.7564556711832168, 0.8198345970336144, 0.7053302452978617, 0.8149399259475464, 0.8106400507691502, 0.8436062204305782, 0.8088792477691513, 0.824635595774346, 0.7976367355161724, 0.825659254583656, 0.827421883299594, 0.8234507956449678, 0.8095289129660193, 0.8041890834484484, 0.7921237572074574, 0.8017122331536376, 0.8494631929657056, 0.6845290614732168, 0.773464334743417, 0.7448077724597214, 0.8307579750630754], [0.8088849918308204, 0.6347131259879178, 0.6427629060236837, 0.6580203277982624, 0.6184879484933525, 0.7296169640311303, 0.6528900429993004, 0.6389515364299879, 0.634756672854353, 0.7414515762747934, 1.0000000000000002, 0.6244944522815364, 0.7465220642901664, 0.7461642039452977, 0.7105700688107609, 0.7153371605142941, 0.7326526589888591, 0.7489337093433903, 0.7190769298450137, 0.6238938882633875, 0.6315166385591866, 0.7109075149205029, 0.6807158816344796, 0.6286423845980775, 0.6689075544560452, 0.7349734605965108, 0.6642417321757559, 0.6928267282401434, 0.63247336511324, 0.6303975587525928, 0.6139499908360582, 0.7400037062460443, 0.7365378048529505, 0.7172862414822218, 0.7366309647735557, 0.731842088903592, 0.6356977657137991, 0.609760387940159, 0.6366367157969182, 0.9408863373941532, 0.6149917558059823, 0.6318443434905997, 0.7404177073684569, 0.6744432001268545, 0.6432092714825073, 0.6537030300077976, 0.7201438496836543, 0.6501891513815818, 0.6718232419346201, 0.6853740435845114, 0.652742577954793, 0.6666553241676236, 0.6090723629383062, 0.6242399189105208, 0.6676785661356696, 0.6492421579368335, 0.644743313145274, 0.5823878820813747, 0.6906111049524934, 0.6272729625210992, 0.6054427501995846, 0.6221448939305811, 0.640989262266364, 0.6232350166782222, 0.5453117121893354, 0.6134359152384177, 0.6000549342968201, 0.5980971443978594, 0.5632091677286476, 0.5798729500306146, 0.6481357811567526, 0.6875112502590537, 0.598899022075572, 0.6012995206914594, 0.5803415572129985, 0.6280514196333205, 0.6135253180631971, 0.6034899567068472, 0.6507599154691975, 0.5976467487931868, 0.5986670114984446, 0.704076071916241, 0.6011317762982062, 0.5948237003599027, 0.580214304574948, 0.5730698970680617, 0.5834020585776979, 0.6351695844644911, 0.5987406143188128, 0.5631290986191128, 0.5503496721683215, 0.6127397711496174, 0.5982498018433089, 0.6136322536924116, 0.6162606624949443, 0.6187139892611635, 0.6716328581171666, 0.627062550764454, 0.5766192996147167, 0.5728365323540269], [0.7723216704593541, 0.9059423136886987, 0.9058542139606985, 0.91849906629459, 0.9242441291368398, 0.866227358633023, 0.8970019115965868, 0.9187331437597014, 0.9326787841425557, 0.8559318722624254, 0.6244944522815364, 1.0, 0.8386075365305998, 0.8541616707937321, 0.8657689724202394, 0.8783581539550175, 0.8507976592077505, 0.8531718791015888, 0.8468617294817896, 0.9330584365564614, 0.9166337944443571, 0.8307252848342811, 0.8896964529721036, 0.9188676286265602, 0.8665142462993692, 0.8648945166080907, 0.9055911961085242, 0.8861103325450118, 0.9021170445337218, 0.9128950974098059, 0.925276918042118, 0.8687977802557546, 0.8516135547530815, 0.8491597153350077, 0.8468693542018497, 0.8611703022075866, 0.9029379906747205, 0.9277502912532111, 0.9077869862023669, 0.6554726917504559, 0.9217575568847683, 0.9261081369222924, 0.8622451941113276, 0.9012381167261113, 0.8795895868008089, 0.8819347470288307, 0.8844088735270714, 0.8730045559493894, 0.887036790203604, 0.8588300993826755, 0.8927062478389676, 0.9181738018433929, 0.9101258778866906, 0.9142996368165757, 0.9024976124869586, 0.9098994918531158, 0.903114382249999, 0.9284168173976384, 0.8707753356268763, 0.8477731567576804, 0.8978010286684869, 0.8172157504454891, 0.8466360914385682, 0.8450836631016574, 0.8794695776262226, 0.8926699105837542, 0.9160047787452246, 0.7254298181304998, 0.8709122608895066, 0.8769078289366334, 0.8001149152901101, 0.7737570645037568, 0.8556511231346308, 0.8686170443343206, 0.9165707145195552, 0.8476122146409892, 0.9054886305704126, 0.913622886731359, 0.8697181911707988, 0.8221225362502077, 0.9023933316517696, 0.6829123926361903, 0.8816461089027638, 0.8568732128964197, 0.8995228859213121, 0.8461037373318216, 0.8957296806695815, 0.8435541787406956, 0.8958871283820645, 0.9173744664983922, 0.9175203332052784, 0.8699438999805011, 0.8820840018328092, 0.8198218845671755, 0.893186764339342, 0.9257502648449665, 0.7338023321332563, 0.8189360484399756, 0.8345889679100341, 0.8955422457318095], [0.814648492998329, 0.8397159785538518, 0.8849750269526758, 0.8681489616767308, 0.8583391664752548, 0.8545435971535362, 0.8634837529395268, 0.8797094477793015, 0.8767055578517043, 0.832336366753234, 0.7465220642901664, 0.8386075365305998, 1.0000000000000002, 0.8864549857466414, 0.8802765959281701, 0.8860864470200511, 0.870655135961949, 0.8968635448421325, 0.8672378214359066, 0.8635302106301331, 0.8744923371581756, 0.8632258942601116, 0.8885433341028479, 0.873898191021869, 0.8513649249703333, 0.8569504612501695, 0.8887898008475216, 0.8818212890826308, 0.8762653861801576, 0.8690095421570921, 0.8462265549897474, 0.893600930004057, 0.8949573938336335, 0.8780878836951839, 0.8858970867053753, 0.898829665982245, 0.8615288217865661, 0.8679621309546721, 0.876078272648351, 0.771874166064393, 0.8546002936968953, 0.8734211331108512, 0.8795793314840755, 0.8558431355847103, 0.8564821110186435, 0.8578230396999189, 0.8856763725549764, 0.8599396976164748, 0.871705504805277, 0.8387206599286463, 0.8545541715436016, 0.8837233725818691, 0.8557842805943425, 0.8700248944843372, 0.8522392786025454, 0.8778677196819201, 0.840237814029817, 0.8582926990777126, 0.8605579679119967, 0.8262881098545223, 0.8348150654262093, 0.813516343434504, 0.8320751771702288, 0.8282768881640038, 0.8349589989157081, 0.840968679216146, 0.8546523523970899, 0.7115461070415884, 0.8065175712640645, 0.833454920674508, 0.8172042336930142, 0.7745795426391715, 0.8128844696808409, 0.837562428103921, 0.8372312495924559, 0.8224718268738208, 0.8689642972888988, 0.8686935062982013, 0.8234697252037853, 0.7753171879289482, 0.8471021492890634, 0.7349902354487684, 0.8256660273524633, 0.8222737660326989, 0.8359120515877825, 0.8128862924864574, 0.8247034264131203, 0.8061061430027137, 0.8643740819541862, 0.8503384445131019, 0.8494805434640765, 0.8146806901912705, 0.8461798915049198, 0.8300104946646484, 0.857608924168642, 0.8634652155788878, 0.7278195601893965, 0.8072727780806809, 0.8107491470170706, 0.8294785709792085], [0.8297600771935343, 0.8389845481042847, 0.8785550288921508, 0.869948226098585, 0.861592970704032, 0.8593452613796079, 0.8734980407559476, 0.8781391840577735, 0.8856421529217114, 0.8334876100841865, 0.7461642039452977, 0.8541616707937321, 0.8864549857466414, 1.0, 0.8870280334906672, 0.9090401138773896, 0.8897468763960636, 0.897857557084212, 0.8954642541832478, 0.8708600619810406, 0.8781119545042456, 0.8670061379466377, 0.8891966237475086, 0.8691258575820037, 0.8697054021040355, 0.8622676398875772, 0.8866589703426787, 0.8736881214198688, 0.870540679027636, 0.8760945851827165, 0.8601678197370485, 0.8930979491744678, 0.908732290563996, 0.8934029017915919, 0.8873016001114993, 0.8909132815577618, 0.8750178849637295, 0.8713395371726317, 0.8540469264291094, 0.7489911203200701, 0.8719946676648811, 0.8772103574579659, 0.8652144515724506, 0.8794829349057185, 0.8621034716316143, 0.8505596069787903, 0.9143484668063011, 0.8617421600660237, 0.8745900821160193, 0.8546830916898673, 0.8573324489960918, 0.8790363228030627, 0.8640271652697249, 0.8789655994090793, 0.8624921743130873, 0.8786904704522116, 0.8327471737799743, 0.8601790431700685, 0.8506749597228631, 0.8268866024847881, 0.8383350391769369, 0.8350572706510012, 0.8406803927888278, 0.8386368474569792, 0.8301505757425484, 0.8361184443648519, 0.8680394676867763, 0.7299409333745371, 0.8182039112934552, 0.8267437969322792, 0.8046562951312837, 0.7586244398104479, 0.8145743921917807, 0.8626783411454392, 0.83937958200011, 0.8239382146998021, 0.855897401487905, 0.870080490326006, 0.8640692536118441, 0.8209523842642416, 0.8471364535013476, 0.7493635754318855, 0.8369288786267359, 0.8438109290962895, 0.8419640266294552, 0.8221818380603173, 0.8510185444367521, 0.8219937269004683, 0.8615814334830472, 0.8440357699023345, 0.8586050914181022, 0.8330153928733477, 0.8499689302899118, 0.8400824885674697, 0.8624894612867126, 0.8686457544763342, 0.72915145577813, 0.8131249795134252, 0.8156453052900675, 0.8417995427697939], [0.8164999141126961, 0.8678934772987216, 0.8845485979241796, 0.8764145419796602, 0.8768513597139883, 0.8590805392068711, 0.8699870639114119, 0.8822475787449662, 0.8939990846783652, 0.8231906901927615, 0.7105700688107609, 0.8657689724202394, 0.8802765959281701, 0.8870280334906672, 1.0000000000000009, 0.8929052809927123, 0.8919466781050106, 0.910747401985737, 0.884157747424447, 0.8757766355686971, 0.8828865983759427, 0.8548628094889379, 0.9045836078068725, 0.8847522140714821, 0.883230661069637, 0.8680117878847482, 0.8813794380793144, 0.8582571587594476, 0.8669698234060518, 0.8753835169841702, 0.8619966876672245, 0.9027672223000953, 0.8874134643058079, 0.8924738931768509, 0.8968050425970618, 0.9051476673017245, 0.8615385673855367, 0.8933841709053044, 0.8854674829799666, 0.7431653908631898, 0.868574702173585, 0.8768924424313851, 0.8594397317324909, 0.8573247500233276, 0.8612936806986358, 0.8699376535604877, 0.9005001280651066, 0.8731087492633929, 0.8756094591069647, 0.8743326399389613, 0.8719943719853288, 0.902059375643458, 0.8815449848057688, 0.8753307241525853, 0.8574984806903665, 0.8924237949476342, 0.8542970416737926, 0.8754232898301356, 0.8633052601479734, 0.8483249743274436, 0.8354755568811458, 0.8455766216499144, 0.8761202487157114, 0.8639645802585968, 0.8380513534712574, 0.867628472934572, 0.874457325269059, 0.7704040249659202, 0.8445705458830094, 0.8660876832743218, 0.8353147021334772, 0.7767914254072723, 0.8122932272727681, 0.8452856495275269, 0.8689031223800016, 0.8364841097191978, 0.8794960675914563, 0.8805246406985682, 0.843014621855925, 0.8500050240198247, 0.87213644320091, 0.7803463361204289, 0.856797781063902, 0.8462950445647497, 0.84104321108999, 0.8200083838593855, 0.8491484927821721, 0.849487373102985, 0.874764139949497, 0.8525120527031665, 0.862298923680448, 0.8591350978518749, 0.8512642450107895, 0.8243201408305691, 0.8651333365543483, 0.878478093597832, 0.7534903871567383, 0.8245105752632265, 0.8436640893023272, 0.8579369269952438], [0.8261856276344886, 0.8626667357568292, 0.9102460010895018, 0.8887135357884975, 0.8875575157762204, 0.8641223232993778, 0.8941932085498805, 0.9047195930205847, 0.9097389729340547, 0.8543502727990933, 0.7153371605142941, 0.8783581539550175, 0.8860864470200511, 0.9090401138773896, 0.8929052809927123, 1.0000000000000007, 0.8964420784336047, 0.9033097428940556, 0.9182840638650029, 0.9113254695952377, 0.8941175762567426, 0.8706019279372345, 0.8930105325459532, 0.8970312055337571, 0.892893264472732, 0.8845538813091607, 0.8993095182900305, 0.9019539218843121, 0.890985265155805, 0.9127673716764834, 0.8736200736527704, 0.9084470913311958, 0.8990224684164266, 0.9061127539235618, 0.9105086107710681, 0.9109425478446118, 0.8904192063952642, 0.8963007445576375, 0.9046341116450436, 0.7275890921946182, 0.8943723752583893, 0.8953793936981594, 0.889665435862818, 0.891497446535385, 0.8919035924616632, 0.88355260135451, 0.91702723646045, 0.8764027391499775, 0.8869237312943604, 0.8485577143436648, 0.8764889401639494, 0.8914890422371975, 0.9011767383126934, 0.9000657999885182, 0.8954165959915684, 0.9196040303391095, 0.8768604548213129, 0.8910976957837977, 0.8754623084970594, 0.8475720036512512, 0.8754482558942052, 0.8458680943715129, 0.8700838630667513, 0.8603661393461918, 0.8575136275359578, 0.8774900525365565, 0.8974168237628778, 0.7330283265660807, 0.8594539109465996, 0.8703300327932544, 0.8314916134484112, 0.7793404824071234, 0.8327554042571013, 0.8698783896714615, 0.890654516594736, 0.8377726514810891, 0.8963778176942606, 0.8888648896737007, 0.8561538047424357, 0.8202223606801952, 0.8778499846485365, 0.7664194307893305, 0.8658497081333107, 0.8643456922815153, 0.8740901203955737, 0.8690663814346539, 0.8791013921761671, 0.8756484593542702, 0.883341196816999, 0.8887175937771411, 0.8914012302003805, 0.8719878878561986, 0.8725216291133053, 0.8503797417827345, 0.8779699755070187, 0.8965426853082608, 0.735582853160139, 0.8141798805697554, 0.8429834717857143, 0.8782073154094717], [0.8328889255762606, 0.8291610115603865, 0.8657005435227337, 0.8627067867086607, 0.8790377317531208, 0.8645466864229263, 0.8644792239891902, 0.8550085561012364, 0.87351778239938, 0.847107481299678, 0.7326526589888591, 0.8507976592077505, 0.870655135961949, 0.8897468763960636, 0.8919466781050106, 0.8964420784336047, 1.0000000000000002, 0.8844725553675306, 0.890430154912862, 0.862034884063525, 0.8648892494591658, 0.8289782132757811, 0.8656704416000075, 0.8633634638091581, 0.8425515106518057, 0.8693940000557432, 0.8642984017721455, 0.8514826251698062, 0.873923820095382, 0.8724462567507428, 0.8487482147558757, 0.9032532283654398, 0.8855636494926239, 0.8873256120455888, 0.8860816603223114, 0.8884204890857625, 0.8609997404690011, 0.8603900446737099, 0.8711872679822972, 0.7558672461993253, 0.8608309023584974, 0.8728524001582472, 0.8638643395328376, 0.8544852443729835, 0.8502882456808984, 0.8349070086836238, 0.8709401671037267, 0.8421925704629266, 0.8532809723330436, 0.8361287560178565, 0.8415485256406625, 0.8715342654280657, 0.861515491514215, 0.8583750507995197, 0.869746882824732, 0.8742338078602183, 0.8472217092715353, 0.8583569910645104, 0.8498441638845238, 0.8005225251656402, 0.8454116231312633, 0.8293006650022228, 0.8255619640273563, 0.8279192374579575, 0.8172585614812006, 0.8397605741798156, 0.8721099476298387, 0.724655379978624, 0.8076212221056135, 0.8399259510830138, 0.826743886819316, 0.7846428747052325, 0.7971401964197633, 0.8063733078825476, 0.8520031547305349, 0.8093116471910837, 0.8695945902961802, 0.8725786865809482, 0.8448521636366412, 0.8130895085951079, 0.8426726818330464, 0.7464216554492694, 0.8518933083100171, 0.825708426848176, 0.8340555872700298, 0.8209401915714505, 0.838397944650395, 0.8392290643073508, 0.8585507856731804, 0.8405773291373282, 0.8488761431497356, 0.8514318475948706, 0.8425527100009107, 0.8067338999172846, 0.8456393695412051, 0.8691441760758758, 0.7291825766631026, 0.7995534357567555, 0.7997313047254009, 0.8499570647151793], [0.8061187341145644, 0.8367242887776533, 0.8853609109078202, 0.8841099377316249, 0.8676370092361364, 0.8635781258849035, 0.8641901970000969, 0.8778728460458638, 0.8774444217353942, 0.8456542023929188, 0.7489337093433903, 0.8531718791015888, 0.8968635448421325, 0.897857557084212, 0.910747401985737, 0.9033097428940556, 0.8844725553675306, 1.0000000000000002, 0.8957503716192711, 0.8667592005546295, 0.8898605458021674, 0.841646223918916, 0.8881605402861327, 0.884376442612813, 0.8602979791597283, 0.8634097960124829, 0.8738629453521694, 0.8780393020012492, 0.8622741786926292, 0.8710290906900372, 0.8479021605300043, 0.9113716283043786, 0.8859161257872664, 0.9063199597973803, 0.9040597275911335, 0.9106853944307399, 0.864498647491027, 0.8714932804744249, 0.870080344731113, 0.7594709811270808, 0.8726607790979418, 0.8795781565835449, 0.8551588546535523, 0.8595567861013321, 0.8692894819701775, 0.8460542421375394, 0.9042153444866483, 0.8627717475193392, 0.8722395758049425, 0.8540089778368379, 0.8492600579127146, 0.8857012464590516, 0.8788868522662031, 0.8764376408479004, 0.86423469924907, 0.897783640453325, 0.8512644268709989, 0.8659862597631404, 0.8771309452250152, 0.815072798464414, 0.8378358289004532, 0.8371559105004961, 0.8490760102534949, 0.8486212404747335, 0.8432419713727438, 0.8682232005667522, 0.8727082119813435, 0.720490394721918, 0.8301748497062859, 0.8451968021591237, 0.8263773926135978, 0.8088826552080014, 0.8191156718579841, 0.8365303311956541, 0.8595652072480148, 0.8524063861033468, 0.8793500182786341, 0.8604631337345443, 0.8462038421674916, 0.8124128489236488, 0.8623956894951744, 0.7726545484957954, 0.8620802978309616, 0.8484077697349605, 0.8441238411128805, 0.831076381389966, 0.8428468473072184, 0.8244270410745995, 0.8628923071001131, 0.8456888915203256, 0.8589220362075722, 0.8326596061313654, 0.8487120658599049, 0.8458465272809158, 0.8607294771175019, 0.8670719025247092, 0.7555899267446293, 0.8139677014366878, 0.8265520876138293, 0.8515079740451871], [0.798012980121322, 0.8363204441862221, 0.8802500373841171, 0.8588577825545903, 0.8609845024222113, 0.8500715387238372, 0.8690935887651897, 0.8776652926475654, 0.8794370857655011, 0.8176267725947101, 0.7190769298450137, 0.8468617294817896, 0.8672378214359066, 0.8954642541832478, 0.884157747424447, 0.9182840638650029, 0.890430154912862, 0.8957503716192711, 1.0000000000000002, 0.8717352850583304, 0.875891767920683, 0.8631407095785206, 0.8614119527731223, 0.8805989164908796, 0.8709350706164424, 0.8704124256672978, 0.8927037523792289, 0.8700639234124905, 0.8792542389629853, 0.8937064508583874, 0.8423437048696306, 0.9098855799106617, 0.9000776938611369, 0.8998754476388863, 0.8881227705981828, 0.8931881796241405, 0.8706380466955003, 0.8844301143168313, 0.8694343189073024, 0.7408334414015753, 0.8601999329140336, 0.8713246734712028, 0.8558384545638954, 0.8588966772397921, 0.8775727041945539, 0.8628249614274736, 0.9006525392129399, 0.8562554164634371, 0.8630324890254767, 0.8485454285736808, 0.8582429735577513, 0.8703151912478523, 0.8724222106515125, 0.8776614073036532, 0.8638910910070625, 0.8971434300320277, 0.8462705775234435, 0.8608697716776315, 0.8656519683020745, 0.8323757989834122, 0.8402520127729195, 0.8278212778668659, 0.836116182679637, 0.8266676651070805, 0.8411201515163227, 0.8441504152922249, 0.8659872396118021, 0.7361918647714543, 0.8380873997552448, 0.8331149508289004, 0.813968626789237, 0.7498242857321609, 0.8158497055593669, 0.8254188818997189, 0.8582172575737922, 0.8108970416830651, 0.870947035540211, 0.8739780722270776, 0.8328319768931808, 0.8204341158526697, 0.8520399224680548, 0.7448319726969234, 0.8352685808251243, 0.8238522855157248, 0.8432087418435219, 0.810990036781025, 0.8461998448892993, 0.8429279521507748, 0.8558292890599101, 0.8540363548686097, 0.8658290642736961, 0.8295811306951144, 0.8481464790800326, 0.8142601056649117, 0.8601443521670666, 0.8669763114487187, 0.7619679189167368, 0.7870917137438236, 0.8163008171266225, 0.836386459292555], [0.7621170293637838, 0.8830299582884782, 0.9420293619657447, 0.8893135179830546, 0.9289762831505913, 0.8547402014623326, 0.9233772387352588, 0.9358119442710026, 0.9423325252614062, 0.85311432376633, 0.6238938882633875, 0.9330584365564614, 0.8635302106301331, 0.8708600619810406, 0.8757766355686971, 0.9113254695952377, 0.862034884063525, 0.8667592005546295, 0.8717352850583304, 1.0, 0.9356797487793651, 0.8544408915350937, 0.8971578151467832, 0.9391377796865279, 0.894271328625609, 0.8709281937760918, 0.9154809154616693, 0.9036071160533803, 0.9231578738055068, 0.9333909642185564, 0.9259567885027701, 0.8850091208843688, 0.8791160683011308, 0.8700667801198604, 0.8639229901303069, 0.8746820500880302, 0.929908142586741, 0.931252731766366, 0.9340321100075685, 0.648969421700943, 0.9439355764014563, 0.9332144055258773, 0.8505472414687466, 0.9086333021211458, 0.913271933549402, 0.8946426307509139, 0.8940227844173606, 0.8958335759916615, 0.9091699227172041, 0.8665659351494097, 0.8938662333525079, 0.9124512456645413, 0.9239951537817864, 0.9385095507363025, 0.8994963490881736, 0.9381855207727211, 0.8883687046928836, 0.9398778703437544, 0.8788592013304033, 0.856827614188034, 0.9072376672466278, 0.8426848096752664, 0.8780935682395801, 0.8819870317204915, 0.9056921685900396, 0.8995088664000855, 0.9298927214442781, 0.7463167922942966, 0.890459132144372, 0.8925558779509076, 0.8398818051992158, 0.7756292082374417, 0.8804231946281799, 0.8881207461751717, 0.9238408466668442, 0.8292962123763211, 0.9362598735534133, 0.9256466050206316, 0.8731305330067834, 0.8281333113994522, 0.911218022014178, 0.7205286558262132, 0.885707241365046, 0.8969114086498546, 0.9152466344238492, 0.8755407440252388, 0.9165933223754162, 0.8542233442227392, 0.9113574042368484, 0.9379742110380569, 0.9418087713376098, 0.8654054658884701, 0.8928802866835401, 0.8322832810432217, 0.9064281701308068, 0.9400997000235101, 0.7234982269473424, 0.8319491869063462, 0.8666297175485286, 0.89564356222985], [0.7649025970658153, 0.8785236872672305, 0.9464661158338767, 0.9021745618126249, 0.9128622434348463, 0.8575503546990535, 0.9193609433928961, 0.9210595895145094, 0.9362754972439244, 0.8512983972851537, 0.6315166385591866, 0.9166337944443571, 0.8744923371581756, 0.8781119545042456, 0.8828865983759427, 0.8941175762567426